shaderGUID: 
diffuseTextureGUID: 8f863fa9da621be
diffuseColor: -1.07374e+08 -1.07374e+08 -1.07374e+08 -1.07374e+08
specularIntensity: -1.07374e+08
shininess: -1.07374e+08
