shaderGUID: 
diffuseTextureGUID: add27c4f61e0a7bd
diffuseColor: -1.07374e+08 -1.07374e+08 -1.07374e+08 -1.07374e+08
specularIntensity: -1.07374e+08
shininess: -1.07374e+08
