shaderGUID: 
diffuseTextureGUID: add27c4f61e0a7bd
specularTextureGUID: 2a6fb69c71680822
diffuseColor: -1.07374e+08 -1.07374e+08 -1.07374e+08 -1.07374e+08
specularIntensity: -1.07374e+08
shininess: -1.07374e+08
