shaderGUID: 
diffuseTextureGUID: 8104d6849db41d06
diffuseColor: -1.07374e+08 -1.07374e+08 -1.07374e+08 -1.07374e+08
specularIntensity: -1.07374e+08
shininess: -1.07374e+08
