shaderGUID: 
diffuseTextureGUID: 4742f5d8a2919cb
diffuseColor: -1.07374e+08 -1.07374e+08 -1.07374e+08 -1.07374e+08
specularIntensity: -1.07374e+08
shininess: -1.07374e+08
