shaderGUID: 
diffuseTextureGUID: 839aa7f4000f18a6
diffuseColor: -1.07374e+08 -1.07374e+08 -1.07374e+08 -1.07374e+08
specularIntensity: -1.07374e+08
shininess: -1.07374e+08
