shaderGUID: 
diffuseTextureGUID: 4f948a60f006cdad
diffuseColor: -1.07374e+08 -1.07374e+08 -1.07374e+08 -1.07374e+08
specularIntensity: -1.07374e+08
shininess: -1.07374e+08
