shaderGUID: 
diffuseTextureGUID: 6a676cb04ae8a9ba
diffuseColor: -1.07374e+08 -1.07374e+08 -1.07374e+08 -1.07374e+08
specularIntensity: -1.07374e+08
shininess: -1.07374e+08
