shaderGUID: 
diffuseTextureGUID: 729baa0283eecd64
diffuseColor: -1.07374e+08 -1.07374e+08 -1.07374e+08 -1.07374e+08
specularIntensity: -1.07374e+08
shininess: -1.07374e+08
