shaderGUID: 
diffuseTextureGUID: 6f68cfc5ea4c3e30
diffuseColor: -1.07374e+08 -1.07374e+08 -1.07374e+08 -1.07374e+08
specularIntensity: -1.07374e+08
shininess: -1.07374e+08
