shaderGUID: 
diffuseTextureGUID: a6aee7b1ef5deb03
diffuseColor: -1.07374e+08 -1.07374e+08 -1.07374e+08 -1.07374e+08
specularIntensity: -1.07374e+08
shininess: -1.07374e+08
